	11_SUR	18_DCM	18_SUR	22_SUR	23_DCM	25_DCM	25_SUR	30_DCM	31_SUR	32_DCM	32_SUR	33_SUR	34_DCM	34_SUR	36_DCM	36_SUR	37_MES	38_DCM	38_MES	38_SUR	39_DCM	39_MES	39_SUR	41_DCM	41_SUR	42_DCM	42_SUR	45_SUR	46_SUR	48_SUR	52_DCM	52_SUR	56_MES	56_SUR	58_DCM	62_SUR	64_DCM	64_MES	64_SUR	65_DCM	65_SUR	66_DCM	66_SUR	67_SUR	68_DCM	68_MES	68_SUR	70_MES	70_SUR	72_DCM	72_MES	72_SUR	76_DCM	76_MES	76_SUR	78_DCM	78_MES	78_SUR	82_DCM	82_SUR	84_SUR	85_DCM	85_MES	85_SUR	100_DCM	100_MES	100_SUR	102_DCM	102_MES	102_SUR	109_DCM	109_SUR	111_DCM	111_MES	111_SUR	122_DCM	122_MES	122_SUR	123_DCM	123_SUR	124_DCM	124_SUR	125_DCM	125_SUR	137_DCM	137_MES	137_SUR	138_DCM	138_MES	138_SUR	155_DCM	155_MES	155_SUR	158_DCM	158_MES	158_SUR	163_MES	163_SUR	168_DCM	168_IZZ	168_SUR	173_DCM	173_SUR	175_IZZ	175_SUR	175_ZZZ	178_SUR	180_SUR	180_ZZZ	188_DCM	188_SUR	189_DCM	189_MES	189_SUR	191_SUR	193_SUR	194_DCM	194_SUR	196_SUR	201_DCM	201_MES	201_SUR	205_MES	205_SUR	206_MES	206_SUR	208_SUR	209_MES	209_SUR	210_MES	210_SUR
11_SUR	0.0000	85.2999	81.3387	83.4147	82.9915	82.9336	80.1678	88.4736	95.9798	98.0453	97.9794	97.9054	98.3939	97.1212	98.2105	97.9815	98.5203	96.7672	97.0458	96.9822	97.4831	97.3577	97.5186	98.5481	96.9888	98.0667	97.0280	97.3525	97.1206	97.3086	97.6801	97.6400	97.8276	97.5424	98.2169	97.7388	97.3864	97.7985	95.4939	96.7403	97.2782	94.0096	94.3719	96.8506	92.5124	96.0756	90.7208	95.7423	94.2794	97.4099	95.3849	95.3292	94.1224	95.3011	95.3473	94.9203	95.9219	94.7315	97.1553	98.1465	97.2110	98.5078	98.5983	97.8800	97.1668	98.3587	97.2425	95.9470	95.2753	95.3681	97.3222	96.6500	96.2173	97.4846	97.1122	98.0739	97.3365	96.8799	98.4972	97.3803	97.9934	97.2847	98.7240	97.7988	97.6730	97.9240	97.4916	97.8187	97.5881	97.8643	93.8490	94.9373	99.9353	97.3149	97.7404	96.1003	99.3624	99.1694	97.7588	97.4129	96.2481	97.8748	98.2953	98.1290	97.2844	97.8963	95.5904	98.0206	97.7983	96.9472	97.4948	98.2802	97.3756	98.2864	98.9044	97.6075	98.3420	98.4166	98.2824	98.9564	98.0179	98.5808	98.4782	98.8779	97.3655	98.4673	98.3286	97.4869	98.3461	98.8425	97.6013
18_DCM	85.2999	0.0000	68.7291	84.5048	76.3962	71.2325	77.0738	72.1654	92.4234	96.6135	93.4064	95.7541	95.2324	95.0486	96.2554	95.9399	97.4357	93.9598	97.0499	94.7434	94.5787	96.9794	94.9927	95.7802	92.9376	93.7100	93.0329	93.4902	93.5730	93.2695	91.3294	93.9197	96.7020	93.1243	93.9877	93.0731	90.8194	96.7449	89.5983	91.3710	92.3156	86.3665	86.8906	96.1645	77.5323	94.1187	77.6988	95.8504	85.2441	90.3302	92.1751	90.2576	88.2072	96.1358	89.8719	85.2895	94.3960	84.6702	94.6326	94.7762	97.7346	97.6541	98.0231	97.7622	89.3793	97.4643	94.9144	92.3016	93.4476	92.0697	93.9174	93.5311	90.7830	97.5074	94.2609	95.2687	97.3359	94.9190	95.5387	94.9882	95.1227	95.1307	97.4250	95.9872	92.6685	97.5673	94.4369	94.4495	97.6667	94.9263	90.1899	91.8294	99.9947	96.9279	98.4653	96.5264	99.1653	99.3118	97.6904	97.3679	96.6957	97.8083	98.3215	98.4427	96.5612	98.5755	98.1287	98.8418	97.4494	95.8855	97.1696	97.6743	96.0514	97.4871	98.4357	97.0662	98.0334	98.0246	98.0170	98.8130	98.1754	98.5770	98.0900	98.8826	98.3342	97.4912	98.0088	97.0281	97.8871	99.0279	97.3080
18_SUR	81.3387	68.7291	0.0000	77.7621	87.9334	73.1191	76.0130	85.4018	86.1230	90.1977	95.5420	94.7328	97.1077	90.7299	96.4583	92.5010	93.6721	94.0414	94.9943	93.2752	94.3971	92.7923	94.4332	97.3113	93.1449	94.9511	92.5743	93.5185	91.8967	94.6753	95.9158	95.3902	94.5779	93.9377	95.8736	94.8339	95.2814	93.6345	90.8376	92.5843	93.3820	89.5356	89.4257	95.4015	90.0082	92.9519	80.0317	89.2035	90.1529	96.1815	92.6124	91.2789	88.1950	91.9467	91.2149	91.2550	91.0194	89.3789	95.9425	96.7577	94.8606	98.0413	97.1840	96.8104	94.5334	95.8103	94.3160	93.8866	91.1623	91.5638	96.1486	91.4406	90.9257	93.8798	94.2477	94.9533	92.4342	91.8508	97.0687	95.4697	94.9264	92.0715	96.5812	93.8586	96.7493	93.2222	95.3906	95.9696	90.9762	93.6197	91.3024	94.1873	99.9576	95.8363	97.2022	93.2194	99.2514	98.7691	95.9630	95.3850	88.6819	97.1266	97.2528	96.7494	95.4808	96.3134	95.0760	94.9144	94.6836	93.5410	95.0623	96.6382	95.8075	96.2126	98.2958	95.6170	96.3702	97.5537	96.8421	97.4314	94.0367	98.0523	97.9924	96.7060	97.1754	98.1801	96.3706	94.8801	95.9903	97.5727	95.6594
22_SUR	83.4147	84.5048	77.7621	0.0000	64.2165	72.9213	53.1601	81.4589	93.8877	96.6385	96.5339	96.1170	97.4136	94.9256	96.5474	95.2255	96.8848	93.9399	97.0088	92.9731	94.7844	96.0929	95.1282	97.5742	95.6527	97.1769	95.5172	96.0442	95.7254	96.1470	96.5849	96.5831	97.6138	95.9180	97.0642	96.1538	96.0846	97.5018	93.9537	93.8801	94.9400	91.5184	91.5093	94.3131	90.3182	95.0591	88.2924	94.8797	92.0793	95.5478	94.0165	94.1894	92.3128	95.3610	93.4441	92.8730	94.2697	92.0773	96.4723	97.5813	97.4439	98.2378	98.3073	97.5997	95.4078	97.5522	95.6757	93.1078	93.6041	92.8207	95.6097	94.1266	94.1281	97.8162	95.4751	96.8726	97.2371	95.7871	97.3842	96.2593	96.6301	95.6726	97.9065	96.6102	96.1503	96.9467	96.0719	96.5958	96.4435	96.6694	91.3678	93.3564	99.9954	96.2710	98.0237	95.7310	99.1811	99.1990	97.1762	97.1503	94.6159	97.5666	97.9223	98.2878	96.6962	98.0968	96.9223	96.8056	95.3037	95.4781	96.6733	97.4729	95.5841	97.0561	98.2193	96.4597	96.8868	97.6551	97.7574	97.8669	96.2712	98.4157	98.0588	97.6303	98.1105	97.7686	96.8134	96.8129	96.4738	98.0458	96.2501
23_DCM	82.9915	76.3962	87.9334	64.2165	0.0000	64.7293	62.2339	72.6733	97.0951	97.5980	96.1294	96.7701	95.7798	96.8774	96.6958	97.4972	98.7489	95.5962	98.0953	95.1729	95.8647	98.7130	96.2511	96.4479	96.4933	95.9905	96.6571	96.8381	97.0107	96.4171	94.2725	96.0725	98.9372	96.3676	96.4216	96.1183	94.0333	97.7700	94.9776	94.1947	94.6514	89.9226	90.3775	94.6959	84.8310	95.9605	87.2478	98.7493	90.0726	89.9855	95.5556	95.2313	93.8292	98.2701	94.6724	91.0340	97.2582	91.9655	94.6253	94.6035	99.0897	98.2592	98.6736	98.7257	91.2108	97.2464	96.3462	91.5467	94.2595	93.1145	94.8985	95.3956	93.8866	98.3751	95.9738	96.6613	98.2178	96.9478	95.7427	96.4846	96.2299	96.7830	97.5548	97.2390	92.6682	98.2548	95.3352	94.3292	98.5482	97.0548	90.2744	91.5305	99.9962	96.6572	98.6087	97.1871	99.1091	99.2227	97.3313	97.1177	97.8461	97.4519	98.2600	98.7284	96.7959	98.5837	98.5565	99.1867	97.7648	96.9322	97.5906	97.4446	96.2833	97.4779	98.2730	97.8649	98.0170	97.7988	97.9147	98.7503	98.4416	98.4232	97.7476	98.8459	98.1509	97.2653	97.8662	96.9356	97.6086	99.0009	96.8870
25_DCM	82.9336	71.2325	73.1191	72.9213	64.7293	0.0000	64.2563	73.5463	90.0623	89.7760	95.5789	95.7472	94.2529	93.6733	97.0594	95.5008	95.4329	93.6378	94.7458	94.2104	94.9446	93.4849	95.2268	95.8041	93.5857	93.1134	92.3599	94.2386	93.1833	94.9762	93.6938	95.4025	95.0384	93.9710	95.8839	94.3341	93.5806	94.7477	90.5245	91.3648	92.5808	86.2580	86.9989	94.5922	83.3614	90.3874	79.4294	90.0322	85.0552	90.4093	91.4677	91.2708	88.4991	92.3373	90.8060	86.3902	89.1072	87.1570	95.4492	96.7509	94.9064	97.2777	96.0445	95.3410	89.1308	94.6583	94.4396	91.6529	92.1068	92.8994	95.2032	92.9810	88.6425	94.2271	93.6846	93.9849	94.1320	93.7591	93.7999	94.3246	94.4267	94.2278	95.2778	94.9460	91.8485	94.1610	94.9461	92.1265	92.7025	95.1271	88.9580	90.4383	99.9875	95.0076	96.1095	93.4309	98.9957	98.7164	96.0487	95.7594	92.3754	96.4090	96.9754	96.8882	94.5077	96.5887	91.6876	94.7307	93.4914	93.4095	94.9021	97.0435	94.1638	96.4889	98.1005	95.1999	96.1803	97.3397	97.0634	97.5716	95.4819	97.9251	97.5184	97.2555	95.7680	97.4533	96.2560	95.4933	95.4200	96.4275	95.0364
25_SUR	80.1678	77.0738	76.0130	53.1601	62.2339	64.2563	0.0000	73.0723	91.4162	90.6466	95.0818	95.7829	96.0409	94.2368	96.5024	95.9586	96.3010	93.8323	96.3912	93.5250	94.5085	95.8970	94.8422	96.7615	93.6124	95.6534	93.7143	94.2393	94.0726	94.3715	94.6961	95.2011	97.7007	94.3868	95.9030	94.7567	94.0802	96.8899	91.9406	93.2398	93.8422	89.6724	90.1543	95.5351	87.1080	94.3476	85.4941	92.3115	88.5263	93.5989	92.6223	92.0363	89.6566	94.6215	89.9326	89.7051	92.2099	89.0257	96.5819	97.5710	97.6296	97.9802	98.1028	97.5399	93.5200	97.7222	94.8373	93.3269	93.3545	92.4817	94.2861	92.9942	93.1545	97.8126	94.5867	95.9291	96.3786	95.0601	96.2512	94.8532	95.7274	95.1129	97.8282	95.9150	95.1085	97.2244	95.0938	95.6423	96.1374	95.5039	90.4144	92.6022	99.9920	95.9799	96.7276	96.8755	99.1086	99.0401	97.3137	97.7816	96.4451	97.5467	98.0289	98.4934	97.2153	98.0179	96.8445	95.6349	94.2370	95.5014	96.4963	97.4590	95.4549	97.0127	98.2083	96.4981	96.8085	97.6127	98.0935	97.7265	95.5654	98.2979	97.9627	97.2481	97.7418	97.7035	96.6866	96.6115	96.3656	96.5292	95.8282
30_DCM	88.4736	72.1654	85.4018	81.4589	72.6733	73.5463	73.0723	0.0000	94.1380	95.0021	94.1247	96.0715	94.8056	95.9040	96.7895	96.8132	95.9458	94.7043	97.5218	95.1087	94.8626	97.4064	95.1001	95.8770	94.5111	95.5373	94.4749	94.6811	95.3206	93.8898	92.0013	94.5889	98.2542	94.4319	95.4357	94.5942	91.3801	97.2492	92.0870	92.2388	92.5757	90.6633	90.9409	97.3508	83.4807	96.1911	85.6570	96.8771	88.1766	90.7663	93.2659	92.5391	89.7620	97.1347	90.4147	87.8232	95.5372	87.7008	97.3790	98.2902	98.6042	97.7051	98.8604	98.6914	91.3621	97.5297	95.3882	94.5424	95.0012	93.9227	94.0211	94.3665	92.3260	98.5111	94.5421	95.3350	97.7101	95.4194	94.3863	95.0507	94.9567	95.2359	96.4192	95.8788	93.6983	98.3372	95.0400	94.8349	97.9820	95.5627	93.5607	94.4517	99.9561	97.9336	98.6674	98.0772	99.2707	99.3913	98.4588	98.3804	98.4659	98.4188	98.7941	99.0000	97.8752	98.9248	98.8014	99.0992	98.1529	97.7502	98.1025	98.3597	97.4108	98.3104	98.8410	98.4201	98.5500	98.5598	98.6299	99.0992	98.4530	98.8547	98.5277	99.0671	98.8372	98.1559	98.6573	98.0552	98.4488	98.9492	98.2128
31_SUR	95.9798	92.4234	86.1230	93.8877	97.0951	90.0623	91.4162	94.1380	0.0000	71.2326	64.0160	74.1309	82.7157	72.5479	90.1058	84.8995	90.2810	84.6324	91.1447	86.2796	83.1839	91.2498	84.0343	90.1718	77.9287	84.3767	78.1434	80.0249	81.0624	82.8726	86.4758	85.8617	92.1760	81.4746	82.9119	80.4853	84.0847	92.0267	79.6338	83.8002	84.1686	89.0024	89.1514	96.8814	93.1044	93.6998	89.0009	89.0597	88.4521	92.3804	87.0064	79.5766	83.6794	92.1331	84.1727	88.3466	92.4426	84.9393	98.3816	98.8466	95.6014	98.8170	97.0389	96.0901	95.5008	97.0306	93.4402	96.0016	95.0204	94.6490	92.5330	87.1229	94.2698	96.9139	94.9171	94.1362	94.7404	91.7121	94.9759	92.7609	93.6331	92.9262	96.8103	93.5288	96.0281	96.8061	91.2351	94.9550	96.2035	88.8728	97.0941	97.5696	99.9811	98.2842	97.8965	98.0768	99.6777	99.5889	98.4781	98.9669	97.2435	98.8277	98.7327	98.9852	98.6734	98.6190	97.5498	97.5187	96.7514	95.4026	96.8345	98.6087	97.5437	97.7147	99.1780	96.4908	98.0488	98.9128	99.2386	98.5409	97.0117	99.1649	99.1360	98.3426	98.9621	99.4415	98.2211	98.0251	97.6396	98.5850	97.9342
32_DCM	98.0453	96.6135	90.1977	96.6385	97.5980	89.7760	90.6466	95.0021	71.2326	0.0000	86.4381	91.4670	87.1246	89.7912	97.7391	93.3886	77.6031	91.9043	87.2461	92.9555	92.4023	89.2630	92.8946	95.1490	90.5420	91.6925	93.2128	93.7129	90.3042	92.9048	96.8403	95.7547	93.2076	88.8330	93.8837	94.5315	90.4871	90.9151	83.8432	88.1892	87.4453	89.4425	88.6931	97.5170	94.8234	90.2322	87.3257	70.3804	87.0527	97.3061	93.6587	88.7102	85.9186	93.2575	87.3841	95.7013	88.7527	90.4910	98.3254	98.6332	96.4795	98.8361	98.1359	97.3884	97.9061	97.5703	96.8225	97.3912	95.6667	96.8538	95.1425	91.2280	95.3667	95.9948	95.1406	93.9158	94.3965	95.3128	97.0212	96.6055	94.9454	95.5196	96.3331	97.1783	98.3420	97.1875	95.6085	96.1590	94.4446	91.9327	98.0903	98.0436	99.9359	99.0397	97.9412	98.7579	99.6735	99.4922	99.3619	99.3449	98.8930	99.4171	99.3863	99.3082	99.2058	99.3620	98.7860	99.2830	98.5462	97.2109	97.8197	99.2523	98.5873	98.8712	99.5601	98.1224	99.1232	99.4738	99.4262	99.4718	98.5107	99.4760	99.3811	99.4746	99.5468	99.6472	99.3477	98.6642	98.7173	99.2555	99.0334
32_SUR	97.9794	93.4064	95.5420	96.5339	96.1294	95.5789	95.0818	94.1247	64.0160	86.4381	0.0000	60.7115	71.4450	64.8898	82.2337	85.4985	97.3033	82.8057	97.4668	83.2203	78.6243	97.9872	80.5598	86.3267	72.3174	79.8832	76.4928	77.5287	80.7266	78.4183	79.8679	82.0960	97.5466	78.1939	77.1974	75.1928	76.8911	98.3061	79.8576	82.8169	81.9219	91.6593	92.2832	98.6196	91.4980	98.4116	92.3893	97.4157	88.9149	88.9628	87.9702	78.0123	84.9921	98.6021	84.8508	86.3476	97.9541	86.1511	99.2044	99.3517	99.5852	99.4330	99.3067	99.2682	94.8464	98.7440	94.7187	95.3114	94.9174	93.3309	89.7081	85.6808	95.7850	99.0133	94.8752	93.0529	98.1003	92.1040	94.3406	91.0423	92.0102	91.3478	96.0493	91.5407	94.4717	98.5646	88.8652	94.1652	98.7134	85.7277	98.1451	98.4598	99.9930	99.3949	99.6430	99.3843	99.8008	99.8000	99.4859	99.4355	99.4651	99.5060	99.6169	99.6732	99.2798	99.6685	99.6252	99.7564	99.5036	99.1447	99.3895	99.4488	99.2274	99.4177	99.6037	99.4019	99.5338	99.5045	99.5364	99.6804	99.6014	99.5905	99.4942	99.7135	99.6005	99.4440	99.5678	99.3863	99.5106	99.7541	99.4244
33_SUR	97.9054	95.7541	94.7328	96.1170	96.7701	95.7472	95.7829	96.0715	74.1309	91.4670	60.7115	0.0000	81.5026	49.3600	75.6129	77.0880	93.8509	78.3857	96.4937	78.2732	74.5100	96.9119	75.7967	88.6079	81.1688	87.4505	85.4884	88.2809	84.5588	89.2672	89.5502	88.5412	96.8753	86.5053	84.5656	83.4036	86.3924	97.9684	86.1035	84.9516	84.0314	92.4281	92.8727	98.0838	93.8964	97.9575	93.5066	97.3353	92.0017	94.0541	92.5863	87.8786	89.3899	98.4175	91.3197	89.7432	97.1965	90.1964	99.2145	99.3420	99.3308	99.4579	99.1086	99.1204	96.0855	98.5201	96.0862	94.9229	94.9235	93.5509	91.9754	86.7179	96.3525	98.3818	95.9523	95.2114	97.4056	94.2471	95.7920	92.4414	93.4574	92.4668	97.0203	91.4505	95.7188	98.0662	91.2483	95.6496	98.2599	91.4381	98.2257	98.4992	99.9923	99.3049	99.5570	99.1024	99.7970	99.7830	99.2994	99.1562	99.0310	99.4191	99.4846	99.5262	99.1320	99.4973	99.3169	99.5444	99.3867	98.8559	99.1742	99.3871	99.1976	99.3525	99.6066	99.2961	99.4251	99.4972	99.4840	99.6169	99.4671	99.6187	99.5258	99.6446	99.5172	99.5526	99.5166	99.0865	99.3561	99.6545	99.1920
34_DCM	98.3939	95.2324	97.1077	97.4136	95.7798	94.2529	96.0409	94.8056	82.7157	87.1246	71.4450	81.5026	0.0000	82.8102	90.6170	92.7239	96.5856	89.0086	95.9834	91.4350	89.1199	96.9841	90.4786	84.6485	91.5679	80.2228	92.7531	93.9132	92.8329	92.9455	84.7883	91.2660	97.7356	90.1413	88.7349	86.7714	84.2979	97.5200	86.3263	87.8937	87.2785	92.7435	93.4760	98.7534	92.6659	97.0170	92.7573	97.4966	92.2166	87.0398	93.0344	91.0887	89.7208	98.0176	91.8312	90.3062	97.3458	91.5878	98.1167	98.4964	99.3925	99.1656	98.6674	99.1724	94.4506	96.5667	97.9472	95.7078	96.3457	96.8446	95.0946	94.0320	95.6717	97.7140	97.7501	92.7807	97.6919	96.2840	89.1334	95.5168	92.5485	95.8687	91.4447	95.9429	90.9906	97.9812	94.0523	91.4653	97.6960	95.2003	97.8620	97.8038	99.9937	99.2045	99.3890	99.1805	99.7615	99.7324	99.2653	99.1848	99.1876	99.3236	99.4679	99.4989	98.9783	99.5085	99.4629	99.7333	99.3707	98.8586	99.1710	99.2883	98.6977	99.2955	99.5719	99.2452	99.4257	99.4627	99.4946	99.5648	99.4160	99.4301	99.2753	99.6304	99.4202	99.3778	99.4689	99.1724	99.4001	99.6577	99.2338
34_SUR	97.1212	95.0486	90.7299	94.9256	96.8774	93.6733	94.2368	95.9040	72.5479	89.7912	64.8898	49.3600	82.8102	0.0000	72.0757	72.5942	91.6051	77.1516	95.6613	77.5820	74.2474	95.3099	75.2382	89.0891	78.6732	88.2770	83.8704	88.0818	84.1051	90.1897	90.8375	89.8801	96.1335	87.7125	86.5998	85.4489	87.7884	96.8363	85.6788	85.5380	85.3285	87.2577	89.3397	97.1957	93.9215	96.0913	91.3601	94.9301	91.7113	94.7373	92.2011	87.7808	88.3054	96.8728	90.9654	89.8521	95.0975	89.7091	98.7005	98.8261	98.5465	99.1675	98.6578	98.4451	96.0857	97.9181	95.9600	94.8230	94.2557	92.9170	92.0589	85.9913	95.4634	97.8456	95.4790	94.7885	96.2813	93.8485	95.9003	92.1238	93.3799	92.0777	96.8089	91.2414	96.1781	97.0213	92.1910	96.0147	96.7792	92.3755	97.4951	98.0840	99.9932	99.0218	99.0569	98.4915	99.7502	99.7054	99.0259	98.6919	98.0080	99.2812	99.2899	98.9187	98.7405	99.2682	98.9454	99.2052	98.8831	97.8573	98.4445	99.0277	98.8365	99.0928	99.5526	98.7888	99.1419	99.4082	99.2240	99.5102	98.9724	99.5646	99.4752	99.5011	99.4735	99.5294	99.2086	98.6626	99.1724	99.5313	99.0842
36_DCM	98.2105	96.2554	96.4583	96.5474	96.6958	97.0594	96.5024	96.7895	90.1058	97.7391	82.2337	75.6129	90.6170	72.0757	0.0000	39.8599	96.8335	58.4383	98.0932	52.5730	67.8376	98.8546	71.0187	88.8181	83.8753	92.3939	90.0613	93.0189	89.1611	93.8384	92.0903	92.0490	99.1764	92.1576	90.4958	89.9634	89.3284	99.2756	90.6196	88.8476	88.0811	93.6103	94.2056	98.2602	94.2759	99.0760	95.0505	99.1189	94.1740	95.7371	95.5620	92.2454	92.4640	99.4828	94.6945	91.6373	99.0147	92.7466	99.3779	99.5308	99.7756	99.5855	99.6561	99.6486	96.6103	99.2925	96.8698	93.8823	94.3136	92.3217	91.3973	86.5305	97.6450	99.4917	97.0309	96.7542	98.8921	96.0983	97.2823	93.8667	95.1152	93.9773	98.2683	92.7302	96.4922	99.1601	92.0976	97.2742	99.4130	94.7710	98.3184	98.6080	99.9962	99.4477	99.7697	99.4498	99.8326	99.8421	99.5358	99.4700	99.5560	99.5758	99.7082	99.7542	99.4562	99.7448	99.7121	99.8134	99.6087	99.3587	99.5578	99.5569	99.4113	99.5371	99.6739	99.5403	99.6205	99.5649	99.5827	99.7343	99.7336	99.6846	99.5866	99.7770	99.6435	99.5638	99.6265	99.4614	99.5409	99.8074	99.4178
36_SUR	97.9815	95.9399	92.5010	95.2255	97.4972	95.5008	95.9586	96.8132	84.8995	93.3886	85.4985	77.0880	92.7239	72.5942	39.8599	0.0000	85.5938	59.5276	95.2594	55.2528	70.3519	95.7890	72.9709	91.6109	84.7532	93.8222	90.4979	93.6500	86.8424	95.3015	95.0541	93.5336	95.9852	92.5369	91.7901	91.2742	92.3476	96.8521	89.6021	88.4168	88.6551	91.1422	91.6088	97.4869	95.5945	96.6061	93.6319	95.4470	93.9577	97.3888	95.5055	92.5820	91.2245	97.2146	94.2915	92.5170	96.6066	92.2445	99.2197	99.4190	97.8049	99.4748	98.2457	98.0240	97.3989	98.8396	97.3631	94.5810	94.8630	93.3773	93.1859	86.5400	97.3547	98.2996	97.4238	97.5700	97.1758	96.0141	97.8054	94.7710	96.0063	94.6331	98.7552	93.4222	97.5010	98.5012	93.7244	97.9987	98.4835	96.0837	98.2938	98.5234	99.9844	99.1521	99.3636	99.3941	99.8154	99.7768	99.4035	99.4316	99.2535	99.5288	99.6229	99.5799	99.4355	99.5683	99.2954	99.3422	98.9582	97.9148	98.5841	99.3092	99.0763	98.8776	99.6220	98.4211	99.3831	99.5379	99.6331	99.5192	99.2279	99.6710	99.6194	99.5674	99.6005	99.6953	99.3346	99.1936	99.1982	99.5492	99.2091
37_MES	98.5203	97.4357	93.6721	96.8848	98.7489	95.4329	96.3010	95.9458	90.2810	77.6031	97.3033	93.8509	96.5856	91.6051	96.8335	85.5938	0.0000	89.7495	66.0734	90.6710	91.0691	70.4010	91.9885	97.0254	94.7809	97.1022	94.0272	94.3124	92.8628	97.2239	98.1385	96.7130	86.9599	94.9886	97.0554	96.2235	96.7555	81.7932	92.9851	91.8758	91.7670	92.3977	90.6112	97.4267	97.5107	85.1869	93.5967	74.4148	92.1156	98.4356	90.1067	94.4233	91.1715	89.2964	92.2904	95.9115	83.7646	92.2866	98.1541	98.2966	91.3605	98.4916	90.7999	95.6308	98.1597	82.0652	96.8912	96.4917	89.6605	95.0556	98.1808	94.8126	95.2637	81.0147	94.9779	97.2309	83.8335	94.7985	97.2262	96.4486	96.2474	96.6082	97.1654	96.0118	98.5928	85.1954	97.5643	96.4130	84.3099	97.2928	98.2676	97.7075	99.9697	98.8014	98.4603	98.6339	99.7291	99.5077	98.7113	98.1119	97.3319	98.6660	98.4366	98.8104	97.6945	98.3856	97.5926	98.9591	98.9073	95.8377	97.2441	98.7413	97.8906	98.2476	99.3554	98.2926	97.8482	99.0786	99.2304	99.3053	98.0467	99.2294	99.1611	99.2755	99.3126	99.5869	99.3336	96.5517	98.6427	99.1830	98.7916
38_DCM	96.7672	93.9598	94.0414	93.9399	95.5962	93.6378	93.8323	94.7043	84.6324	91.9043	82.8057	78.3857	89.0086	77.1516	58.4383	59.5276	89.7495	0.0000	93.2492	47.9799	60.3091	93.3359	65.2989	83.3879	78.7971	86.8209	83.1475	86.6210	84.7808	87.8782	88.2661	86.4910	95.8123	86.2714	86.4771	84.2372	85.4690	96.7419	84.6304	82.6379	82.0101	87.0337	88.5419	96.0317	90.5871	95.4017	89.5122	95.2323	88.9312	93.3058	89.8914	86.2549	87.0046	96.3790	89.7396	87.8955	95.0022	87.8109	98.3653	98.9141	97.6075	98.9465	97.7815	97.4040	93.9122	97.6780	93.6736	91.8052	92.1660	89.9818	89.0173	84.2376	93.3540	97.5557	93.3852	93.5679	95.8235	92.4878	94.3922	90.8407	91.9940	91.2951	96.4226	90.9218	94.0751	97.3188	88.5638	94.2258	97.4185	90.4326	96.6466	96.9933	99.9959	98.7230	98.5180	98.8380	99.6260	99.5602	99.0942	99.0138	99.0068	99.1498	99.3342	99.2271	98.9279	99.3811	99.1480	99.5256	98.6615	97.4916	98.1417	99.1445	98.2988	98.9473	99.3998	98.0817	99.0641	99.2494	99.3093	99.3559	99.1476	99.3935	99.1949	99.4846	99.3823	99.3128	98.9551	98.5511	99.0372	99.5700	99.0123
38_MES	97.0458	97.0499	94.9943	97.0088	98.0953	94.7458	96.3912	97.5218	91.1447	87.2461	97.4668	96.4937	95.9834	95.6613	98.0932	95.2594	66.0734	93.2492	0.0000	95.0986	94.5009	60.4740	94.0026	94.4733	96.4173	97.4380	95.9854	96.3239	94.7993	97.4654	97.7031	97.6321	83.6603	96.4432	97.7357	97.0956	96.8105	87.2544	94.2548	94.0673	94.5085	93.2599	92.6671	97.6658	96.9459	87.7499	93.8916	86.2528	95.1174	97.6227	89.8999	95.5413	93.5837	89.9663	94.2723	96.2098	88.7272	94.2917	97.8627	97.4338	93.4615	98.4411	93.2977	96.1654	97.7738	78.3492	97.8284	96.8421	89.0870	97.2368	98.2004	95.5787	95.6738	79.9167	97.2971	97.7126	87.9134	97.2454	96.2227	98.0001	97.3375	97.9293	97.5002	98.2883	97.1115	84.5959	97.5728	95.5570	86.3301	97.9696	97.5130	96.0492	99.9697	98.7597	97.7493	98.9530	99.5906	99.2445	99.1216	99.0522	99.0619	99.1560	99.2817	99.1419	98.4987	99.2849	99.1366	99.5424	98.8532	97.0239	98.1960	98.9335	97.7462	98.6512	99.4255	97.9037	98.9838	99.3732	99.3887	99.2221	98.1973	99.0501	98.7007	99.1936	99.2146	99.2439	99.1619	98.6024	99.1179	99.4413	99.2271
38_SUR	96.9822	94.7434	93.2752	92.9731	95.1729	94.2104	93.5250	95.1087	86.2796	92.9555	83.2203	78.2732	91.4350	77.5820	52.5730	55.2528	90.6710	47.9799	95.0986	0.0000	60.8327	94.4997	64.9364	86.7309	79.1148	88.9174	84.7994	87.8417	85.9144	88.6056	89.6553	86.9111	96.6150	87.2828	86.4832	85.2242	87.2109	97.3916	86.5327	84.4080	83.2726	90.2738	90.6338	96.6999	92.0344	97.0908	91.1740	96.7793	90.4877	94.6122	91.5214	87.5714	88.6713	97.7395	91.1185	89.4339	96.3287	89.3635	98.6329	98.9616	98.7792	99.2322	98.8599	98.7400	94.9990	98.5491	94.3855	92.2076	92.4017	89.9566	89.2419	84.0429	95.1399	98.4241	94.3723	95.2657	97.2058	93.6007	96.2509	91.9400	93.6327	92.1510	97.5104	92.0041	95.2902	97.8864	88.3613	95.5132	97.7755	90.4096	96.9911	97.6109	99.9956	98.8804	99.1859	98.7625	99.6869	99.6876	99.1529	99.1153	98.8262	99.2760	99.4298	99.4437	99.0856	99.4519	99.2154	99.2897	98.8736	98.4999	98.8666	99.2153	98.7614	99.0817	99.4430	98.7889	99.1857	99.2743	99.3259	99.3781	99.0922	99.4806	99.3268	99.4127	99.3959	99.3728	99.1158	98.9809	98.9968	99.4729	98.9068
39_DCM	97.4831	94.5787	94.3971	94.7844	95.8647	94.9446	94.5085	94.8626	83.1839	92.4023	78.6243	74.5100	89.1199	74.2474	67.8376	70.3519	91.0691	60.3091	94.5009	60.8327	0.0000	94.4185	47.1830	79.4983	68.9352	84.3642	77.7932	82.7717	81.0106	84.6481	87.0458	84.3746	95.1401	82.9974	81.5416	79.8678	83.6277	96.7268	82.8755	81.0784	80.2927	90.4995	90.8189	96.7255	92.0257	97.1305	91.5741	96.6136	89.6717	93.0882	89.3840	84.5015	86.4242	97.5603	88.4563	87.6829	95.7666	87.0952	98.8625	98.9779	98.8518	99.3102	98.8539	98.7865	95.0171	98.1245	93.8102	93.1319	92.9957	90.7932	88.3830	82.9056	94.6967	98.3666	93.5646	94.0562	96.9727	92.2745	94.9120	90.3695	91.9366	90.5630	96.3703	90.2630	94.8679	97.9321	88.0025	94.1617	97.5121	88.1710	97.3229	97.8875	99.9968	99.1066	99.3703	99.0652	99.7167	99.7184	99.3017	99.2737	99.2570	99.3626	99.5128	99.5281	99.1828	99.5582	99.4383	99.5926	99.2297	98.6619	99.0366	99.2760	98.9465	99.1333	99.4670	98.9704	99.3024	99.3425	99.3818	99.5178	99.3135	99.5103	99.3627	99.5457	99.4709	99.3645	99.3178	99.1594	99.2483	99.6367	99.1794
39_MES	97.3577	96.9794	92.7923	96.0929	98.7130	93.4849	95.8970	97.4064	91.2498	89.2630	97.9872	96.9119	96.9841	95.3099	98.8546	95.7890	70.4010	93.3359	60.4740	94.4997	94.4185	0.0000	94.4409	96.5722	94.7785	97.1597	93.9033	95.0049	93.6675	97.0296	98.2167	96.9613	85.3239	94.9499	97.5983	96.7794	97.4120	84.2598	92.5374	92.9160	93.7465	92.9816	92.8664	97.4896	97.4723	87.9899	92.3592	82.7030	94.1271	98.4015	91.2908	94.4141	91.9293	89.5016	93.6172	96.6395	86.7633	93.2725	97.6875	97.4347	90.5329	98.3146	93.0516	94.3408	98.1397	82.0862	97.1258	97.6316	90.8819	97.1343	98.7039	95.5310	94.1056	82.3211	96.5020	97.6002	85.6160	96.3723	96.7103	97.2070	97.2241	97.5812	96.9780	97.3727	98.2006	85.1436	98.3472	95.6537	83.8212	97.2295	95.5017	95.1440	99.9791	98.7210	97.0055	97.4919	99.6457	99.4525	98.8610	98.5629	97.0450	99.0599	99.1554	98.7888	98.4946	99.0904	98.1959	98.8779	97.9990	95.0072	96.6465	98.9171	97.6853	98.3539	99.5280	96.9783	98.2949	99.3080	99.5185	99.0460	97.0764	99.2202	99.1000	99.0864	99.3485	99.6089	98.9401	97.6307	98.7752	99.2467	98.9520
39_SUR	97.5186	94.9927	94.4332	95.1282	96.2511	95.2268	94.8422	95.1001	84.0343	92.8946	80.5598	75.7967	90.4786	75.2382	71.0187	72.9709	91.9885	65.2989	94.0026	64.9364	47.1830	94.4409	0.0000	81.8060	71.7104	86.1626	79.1109	83.7269	82.1686	85.7387	88.4780	85.4660	95.0408	84.3257	82.7886	81.5202	85.3501	96.4515	84.4519	82.3814	81.3949	87.4082	89.2818	96.6216	92.6181	96.9627	91.9573	96.3615	90.4304	93.9096	89.9989	85.7717	87.3460	97.2765	89.3874	88.5628	96.0441	87.7791	98.8426	98.9955	98.6154	99.2980	98.8550	98.6713	95.3706	98.2508	94.0158	93.6044	93.3734	91.3401	89.2100	83.7763	94.8305	98.2609	93.8187	94.5026	96.6867	92.6875	95.3802	90.9308	92.5400	91.1078	96.7371	90.8601	95.4513	97.7404	88.7924	94.6840	97.4694	89.0405	97.5944	97.9145	99.9963	99.1268	99.2901	99.0970	99.7144	99.7174	99.2188	99.2137	99.1047	99.3718	99.4880	99.4828	99.2018	99.5291	99.4366	99.6143	99.2505	98.5961	98.9537	99.2398	99.0052	99.1243	99.4809	98.9484	99.3334	99.3620	99.3980	99.5381	99.3516	99.5230	99.3849	99.5656	99.4814	99.4069	99.3369	99.0679	99.2631	99.6374	99.2090
41_DCM	98.5481	95.7802	97.3113	97.5742	96.4479	95.8041	96.7615	95.8770	90.1718	95.1490	86.3267	88.6079	84.6485	89.0891	88.8181	91.6109	97.0254	83.3879	94.4733	86.7309	79.4983	96.5722	81.8060	0.0000	85.0390	79.3875	88.0782	89.8192	89.3317	90.1937	86.5008	89.4908	98.5297	87.8892	86.4452	84.9415	85.2578	97.6400	87.7787	87.2180	86.2077	94.1856	94.4874	98.5590	93.7097	98.1770	94.4597	98.3461	92.7176	89.4038	92.3222	90.0951	90.7892	98.6892	92.2190	91.3878	97.5997	91.9359	98.9718	99.2621	99.4150	99.3805	99.1448	99.3287	94.5953	97.2011	96.5416	94.7645	95.8382	95.2409	90.4776	91.4596	95.2020	98.5637	96.1130	93.7065	97.9003	95.2208	92.1839	94.1109	92.6161	94.4190	94.4671	94.7688	91.5534	97.7275	92.2746	90.7806	97.9140	92.4707	98.0279	98.2852	99.8970	99.3818	99.5458	99.2676	99.7454	99.7633	99.4198	99.4158	99.3801	99.4473	99.4507	99.4362	99.3066	99.5448	99.6060	99.7604	99.5248	99.3281	99.4176	99.4485	99.2089	99.4884	99.6472	99.5357	99.5356	99.5718	99.5808	99.6704	99.5217	99.5425	99.4592	99.6997	99.5612	99.5464	99.5856	99.3666	99.5129	99.7206	99.4482
41_SUR	96.9888	92.9376	93.1449	95.6527	96.4933	93.5857	93.6124	94.5111	77.9287	90.5420	72.3174	81.1688	91.5679	78.6732	83.8753	84.7532	94.7809	78.7971	96.4173	79.1148	68.9352	94.7785	71.7104	85.0390	0.0000	77.7847	50.2820	59.3889	67.6858	67.2155	81.2597	75.0259	92.9723	72.0021	72.7928	70.0396	78.4376	95.5787	75.9919	80.9982	80.5641	84.7824	87.8144	96.7266	91.8661	95.7771	89.2760	94.6450	86.9357	92.5819	83.9537	71.8406	81.7773	94.6100	80.0177	85.4704	91.9560	83.4258	98.6798	98.6183	98.7341	99.3389	98.8177	98.3506	95.5296	98.7007	92.4239	94.8618	93.1946	91.3729	87.5649	82.3615	94.9670	98.0516	92.4893	92.9770	95.8394	88.9748	95.9327	86.9713	91.5084	88.7555	97.2641	90.0013	96.4270	97.5773	86.5286	94.1233	96.9144	80.7015	97.3373	98.0937	99.9947	98.9654	99.2604	98.7227	99.7162	99.6837	99.1779	99.1620	98.8451	99.1953	99.2111	98.9748	98.8841	99.2615	98.9734	99.3856	99.1788	98.6483	98.9098	99.3212	98.8733	99.2831	99.4615	99.0374	99.2260	99.2602	99.2887	99.5465	99.2594	99.5163	99.4161	99.5302	99.2014	99.3916	99.3210	99.0430	99.3306	99.6386	98.9900
42_DCM	98.0667	93.7100	94.9511	97.1769	95.9905	93.1134	95.6534	95.5373	84.3767	91.6925	79.8832	87.4505	80.2228	88.2770	92.3939	93.8222	97.1022	86.8209	97.4380	88.9174	84.3642	97.1597	86.1626	79.3875	77.7847	0.0000	75.5013	80.7175	79.7699	82.5849	79.1673	82.3236	96.0715	79.0449	76.7382	75.8535	79.8299	97.0049	79.8782	83.4742	82.6271	91.1091	91.8768	98.5772	91.6875	97.3416	90.5404	97.0752	88.6905	84.1878	89.0908	82.3101	86.4568	97.2800	87.5446	87.9114	95.8051	88.3409	98.8906	99.2111	99.2896	99.4048	98.7955	98.9092	91.9127	97.8607	95.7810	93.8865	95.3750	94.6257	91.1734	88.7478	93.8142	98.4297	95.5234	90.0306	96.8120	92.4284	90.7622	91.4143	89.7054	92.2465	93.5982	93.0695	88.7286	97.4172	89.4787	89.7330	97.1427	88.0029	98.1487	98.3790	99.9965	99.2641	99.4809	99.1757	99.7964	99.7619	99.3737	99.1134	99.1627	99.4247	99.4478	99.4410	99.1235	99.5374	99.4824	99.6954	99.4545	99.0314	99.2426	99.4500	99.1051	99.4700	99.6687	99.3533	99.5006	99.5569	99.5325	99.6371	99.5535	99.6085	99.4989	99.6803	99.5230	99.5550	99.5224	99.2628	99.4948	99.7102	99.3155
42_SUR	97.0280	93.0329	92.5743	95.5172	96.6571	92.3599	93.7143	94.4749	78.1434	93.2128	76.4928	85.4884	92.7531	83.8704	90.0613	90.4979	94.0272	83.1475	95.9854	84.7994	77.7932	93.9033	79.1109	88.0782	50.2820	75.5013	0.0000	55.5157	61.1207	65.5954	81.5931	74.9676	91.5522	72.7549	74.6418	71.5701	78.6636	94.3709	75.7010	79.2448	79.9121	90.0641	90.1973	97.3526	91.7864	93.4397	88.5779	90.3309	86.8448	92.4948	81.3641	70.1755	79.8123	91.2205	79.2355	85.1685	89.2200	81.1874	98.5130	98.5573	98.0532	99.3604	98.1684	97.8914	95.2769	98.3216	91.6878	94.9435	93.1907	91.4318	87.7242	83.1313	93.8886	97.5479	91.6909	92.1109	93.3392	87.7943	95.4913	84.1821	90.7041	87.9773	96.9753	89.6029	96.3861	96.6434	87.2446	93.0715	96.1056	80.5502	97.6627	98.0257	99.9922	98.8480	99.1842	99.0108	99.7087	99.6976	99.2449	99.1021	99.0503	99.0915	99.1765	99.0566	99.0681	99.1737	99.2779	99.5575	99.1234	97.9988	98.6391	99.2119	98.8871	99.0568	99.4326	98.7608	99.1325	99.2717	99.3275	99.5029	99.2519	99.5003	99.3849	99.4673	99.4070	99.3718	99.2380	98.6352	99.3114	99.6371	99.0591
45_SUR	97.3525	93.4902	93.5185	96.0442	96.8381	94.2386	94.2393	94.6811	80.0249	93.7129	77.5287	88.2809	93.9132	88.0818	93.0189	93.6500	94.3124	86.6210	96.3239	87.8417	82.7717	95.0049	83.7269	89.8192	59.3889	80.7175	55.5157	0.0000	54.6269	54.3822	78.7483	64.8123	90.8306	65.5382	70.2704	68.6591	77.4250	95.6364	75.6904	80.9711	80.6672	85.0871	87.6293	97.3172	92.2952	95.2271	90.3558	94.1085	85.7979	92.5549	83.5246	73.1257	82.2409	95.2791	80.5489	87.0407	92.4763	84.1099	98.8629	98.9666	97.7483	99.0828	98.0335	96.9469	95.3707	98.4133	90.9824	95.5350	93.6745	91.6877	87.2504	84.3331	94.2022	97.5552	90.5072	92.4134	95.2331	86.3470	95.5623	86.0915	90.1387	87.0562	97.2378	88.5729	96.5004	96.9176	86.2048	94.0482	96.4743	77.4009	97.9333	98.3420	99.9925	99.0588	99.3091	99.2158	99.7457	99.6703	99.1785	98.8737	98.9112	99.3364	99.3898	99.2092	99.0461	99.4403	99.2254	99.5676	99.2010	97.9919	98.4369	99.2989	98.8952	99.1337	99.4750	98.8962	99.0497	99.3303	99.4010	99.5506	99.3266	99.5533	99.4315	99.5455	99.4987	99.4424	99.3577	98.7813	99.3540	99.6508	99.2823
46_SUR	97.1206	93.5730	91.8967	95.7254	97.0107	93.1833	94.0726	95.3206	81.0624	90.3042	80.7266	84.5588	92.8329	84.1051	89.1611	86.8424	92.8628	84.7808	94.7993	85.9144	81.0106	93.6675	82.1686	89.3317	67.6858	79.7699	61.1207	54.6269	0.0000	66.2042	83.2848	73.9124	89.5128	73.7434	76.7637	75.7234	81.4735	94.6797	78.2060	81.2306	81.0106	90.0398	89.9848	97.6823	92.8801	94.0148	89.7644	91.2667	87.0809	92.1381	84.8730	77.5847	82.3165	92.1723	81.4400	87.8511	90.6735	84.3387	98.6395	98.7716	96.6293	99.1733	97.5281	96.7389	95.2515	98.0253	93.0354	95.5746	94.5085	93.2067	89.8133	85.5356	93.9004	97.1073	92.3966	92.8831	94.8503	88.5752	94.9918	88.2560	91.1170	89.2138	96.5730	89.2973	95.7949	97.1447	88.9990	93.9329	96.2261	83.8016	97.6749	98.0197	99.9751	98.7977	98.9238	98.9932	99.7218	99.6371	99.1328	98.7838	98.9462	99.2818	99.1960	99.1025	99.0040	99.2714	99.1427	99.3331	98.8385	97.3018	98.0227	99.0690	98.7645	98.5943	99.4672	97.9991	99.0939	99.3604	99.3870	99.4086	98.9842	99.4660	99.3719	99.3873	99.2731	99.4859	99.1048	98.9231	99.2172	99.5926	99.0783
48_SUR	97.3086	93.2695	94.6753	96.1470	96.4171	94.9762	94.3715	93.8898	82.8726	92.9048	78.4183	89.2672	92.9455	90.1897	93.8384	95.3015	97.2239	87.8782	97.4654	88.6056	84.6481	97.0296	85.7387	90.1937	67.2155	82.5849	65.5954	54.3822	66.2042	0.0000	70.6073	61.0725	92.8498	65.9535	72.6525	71.0503	75.4508	97.7895	75.9115	81.7762	80.6798	91.6954	91.7568	98.5720	91.6166	97.5981	91.2746	96.3302	86.4304	91.0700	83.0948	72.7888	82.0698	96.5806	79.5253	86.1894	96.1348	83.8794	98.9350	99.2112	99.0401	99.4310	99.0375	98.6952	94.7640	98.8164	90.3241	95.4074	93.7366	91.5225	86.4158	84.7193	94.1536	98.6173	90.1491	91.6376	96.8833	85.9912	94.8436	85.9136	89.4045	85.9461	96.8990	88.1322	95.6629	98.4969	85.0168	93.8924	98.2021	77.5445	97.8813	98.2979	99.9967	99.2179	99.4190	99.2842	99.7503	99.7289	99.4197	99.2182	99.4278	99.4132	99.4170	99.4987	99.2997	99.5080	99.4699	99.6278	99.2988	98.9265	99.1008	99.3809	99.0529	99.2738	99.5117	99.0865	99.4181	99.4063	99.4225	99.5892	99.4066	99.5461	99.4289	99.5907	99.4588	99.4117	99.3990	99.2887	99.4077	99.7034	99.3094
52_DCM	97.6801	91.3294	95.9158	96.5849	94.2725	93.6938	94.6961	92.0013	86.4758	96.8403	79.8679	89.5502	84.7883	90.8375	92.0903	95.0541	98.1385	88.2661	97.7031	89.6553	87.0458	98.2167	88.4780	86.5008	81.2597	79.1673	81.5931	78.7483	83.2848	70.6073	0.0000	69.9152	97.2942	72.8031	76.5488	76.0018	65.6117	97.9861	74.3067	80.5100	79.1593	90.8307	91.6001	98.5551	87.5566	97.9811	89.8274	97.9814	84.8701	77.9639	86.3126	77.1504	82.5431	98.6341	82.8813	84.1241	97.7882	84.0036	98.9328	99.2837	99.5355	99.2448	99.0577	99.2346	89.2424	97.5252	93.1363	93.4961	94.3291	93.0129	87.0847	86.9148	91.4602	98.3921	92.5093	88.4016	97.3759	89.9463	88.8292	88.9043	87.4004	89.2007	92.6872	90.8973	88.2104	98.0041	85.9794	89.1978	98.2145	83.8376	97.5592	97.8742	99.9966	99.2158	99.5929	99.2775	99.7590	99.7560	99.3070	99.2534	99.4115	99.3008	99.4842	99.5571	99.1085	99.5532	99.5546	99.7535	99.4249	99.1629	99.3162	99.2768	98.9873	99.2989	99.5096	99.3809	99.4086	99.3926	99.4361	99.5701	99.5201	99.4626	99.2918	99.6327	99.4215	99.3241	99.4557	99.1809	99.3741	99.6977	99.2377
52_SUR	97.6400	93.9197	95.3902	96.5831	96.0725	95.4025	95.2011	94.5889	85.8617	95.7547	82.0960	88.5412	91.2660	89.8801	92.0490	93.5336	96.7130	86.4910	97.6321	86.9111	84.3746	96.9613	85.4660	89.4908	75.0259	82.3236	74.9676	64.8123	73.9124	61.0725	69.9152	0.0000	93.5109	61.4861	72.8012	73.4623	77.5653	97.1312	78.1080	82.1285	80.9837	91.6079	91.7348	98.1279	91.2754	97.3813	91.0055	96.7375	84.6079	89.3226	86.4297	77.6449	83.6746	97.3519	83.8684	87.0813	96.3956	85.9625	98.9731	99.0154	99.3284	99.4206	98.9976	98.8876	92.7236	98.0873	87.5844	93.5820	91.9827	89.3674	81.3539	80.8677	92.8406	98.0795	88.1614	90.8744	96.1992	84.1163	93.1180	83.7141	87.9991	83.8395	95.9972	86.8726	93.0370	97.5294	78.9267	90.9490	97.6670	76.7834	97.8720	98.2797	99.9975	99.2144	99.5446	99.2529	99.7419	99.7020	99.3075	99.2521	99.3240	99.3441	99.4237	99.4521	99.2430	99.4993	99.4753	99.6492	99.3833	99.0046	99.2015	99.3054	99.1868	99.2686	99.5165	99.2902	99.4054	99.4127	99.4176	99.5565	99.3921	99.5453	99.3897	99.5307	99.3974	99.4230	99.3661	99.1825	99.3575	99.6596	99.1672
56_MES	97.8276	96.7020	94.5779	97.6138	98.9372	95.0384	97.7007	98.2542	92.1760	93.2076	97.5466	96.8753	97.7356	96.1335	99.1764	95.9852	86.9599	95.8123	83.6603	96.6150	95.1401	85.3239	95.0408	98.5297	92.9723	96.0715	91.5522	90.8306	89.5128	92.8498	97.2942	93.5109	0.0000	93.3833	96.6419	94.8147	96.7597	85.1519	92.8948	93.7311	94.2812	94.5282	93.0609	97.2239	97.6563	86.0914	93.7974	84.6859	94.8158	98.3394	85.6718	93.0415	91.3969	80.6106	88.0558	96.6832	87.4935	91.5193	97.5573	96.8750	93.4284	98.4332	88.9891	96.2883	98.7083	91.8678	97.7425	98.3802	93.7504	98.6945	98.4666	95.9271	96.3498	88.7850	96.9936	97.8654	86.0030	95.4790	96.8465	98.2715	97.9906	97.4508	97.7313	97.3174	98.5457	89.8615	98.3077	97.2286	91.0631	97.9178	97.6253	95.8623	99.9437	99.0045	97.8459	99.0581	99.5653	99.4898	98.9425	99.1031	98.8157	99.2898	99.4015	99.1587	98.5686	99.3835	98.9964	99.1843	98.3442	95.8776	97.7043	98.6829	97.6241	98.0637	99.3886	96.7230	99.1668	99.5011	99.5107	98.6355	97.4554	98.8152	98.4420	98.8854	99.1426	99.3776	99.1576	98.8230	98.9034	99.1652	99.2658
56_SUR	97.5424	93.1243	93.9377	95.9180	96.3676	93.9710	94.3868	94.4319	81.4746	88.8330	78.1939	86.5053	90.1413	87.7125	92.1576	92.5369	94.9886	86.2714	96.4432	87.2828	82.9974	94.9499	84.3257	87.8892	72.0021	79.0449	72.7549	65.5382	73.7434	65.9535	72.8031	61.4861	93.3833	0.0000	58.6434	57.7456	72.4829	95.4817	71.6349	75.1740	73.7862	88.7106	88.9367	97.8346	91.1502	95.9883	89.6015	94.1330	84.9098	88.7746	84.9878	75.6841	81.3724	96.3859	82.1778	85.9866	93.7888	83.8562	98.7676	98.6797	97.9500	99.1799	98.2683	97.8987	93.2183	98.0402	89.4241	94.4158	92.8623	90.9577	84.3970	82.1231	92.4356	97.6457	89.3713	91.1633	94.6609	86.2499	93.4154	86.0112	88.7164	86.1538	95.6431	88.3279	93.9661	97.0875	82.5841	91.7838	96.3294	78.4841	97.7006	98.0236	99.9837	99.0804	99.2264	99.2051	99.7325	99.7318	99.3066	99.3008	99.3210	99.3975	99.4703	99.3798	99.1384	99.5323	99.3901	99.6178	98.9150	98.3444	98.8121	99.3027	98.8704	99.1537	99.5246	98.8407	99.2678	99.3976	99.3966	99.3463	99.1387	99.5202	99.3676	99.2945	99.2321	99.4807	99.0213	98.9370	99.2041	99.5798	98.8881
58_DCM	98.2169	93.9877	95.8736	97.0642	96.4216	95.8839	95.9030	95.4357	82.9119	93.8837	77.1974	84.5656	88.7349	86.5998	90.4958	91.7901	97.0554	86.4771	97.7357	86.4832	81.5416	97.5983	82.7886	86.4452	72.7928	76.7382	74.6418	70.2704	76.7637	72.6525	76.5488	72.8012	96.6419	58.6434	0.0000	52.7241	72.2810	96.9268	74.1961	74.2994	72.0569	90.1638	90.8529	98.1129	91.6828	98.2510	92.2620	97.2801	88.4741	88.0087	88.2061	78.8037	85.4471	98.7056	85.5887	86.6960	97.4149	86.0290	99.1727	99.2737	99.4719	99.4916	99.1301	99.0181	93.9614	98.3855	93.8481	94.3774	94.4857	92.9305	88.2030	84.9326	94.9827	98.7793	94.0661	93.5160	97.1728	91.8474	94.3121	90.8397	92.0488	91.2916	96.1936	92.2912	92.9214	97.9952	86.5513	91.7822	98.0012	83.0574	98.1575	98.4727	99.9974	99.3910	99.6789	99.4049	99.7890	99.7704	99.4253	99.4005	99.4425	99.4830	99.6127	99.6349	99.3560	99.6417	99.6256	99.7848	99.4996	99.2596	99.4203	99.4490	99.3211	99.4430	99.6176	99.4923	99.5406	99.5245	99.5283	99.6032	99.4845	99.6215	99.4769	99.5898	99.4710	99.5118	99.4773	99.3156	99.4566	99.7406	99.2763
62_SUR	97.7388	93.0731	94.8339	96.1538	96.1183	94.3341	94.7567	94.5942	80.4853	94.5315	75.1928	83.4036	86.7714	85.4489	89.9634	91.2742	96.2235	84.2372	97.0956	85.2242	79.8678	96.7794	81.5202	84.9415	70.0396	75.8535	71.5701	68.6591	75.7234	71.0503	76.0018	73.4623	94.8147	57.7456	52.7241	0.0000	69.0389	97.1097	69.4752	69.9336	67.2744	88.7735	88.9517	98.2553	90.4625	97.2436	90.1245	96.5545	87.1082	87.2741	84.9420	75.7221	81.9112	97.1555	82.2497	84.4828	95.7214	83.1382	98.1909	97.7279	98.9948	99.3019	98.3403	98.3578	93.7198	98.1814	92.6497	94.3218	94.0467	92.3003	87.9221	84.3991	94.0111	98.4429	92.9324	92.4473	96.8737	90.8270	93.4278	89.8909	90.9593	90.3579	95.5090	91.4932	92.8972	98.0177	86.2014	91.2656	98.0585	81.6472	97.7535	98.1556	99.9970	99.1822	99.4312	99.3504	99.7524	99.7787	99.4066	99.3824	99.4396	99.4235	99.5609	99.5638	99.2569	99.6049	99.5156	99.6971	99.2833	98.7906	99.1133	99.4054	98.9441	99.3374	99.5576	99.0645	99.4032	99.4583	99.4916	99.5695	99.4864	99.5775	99.4234	99.6221	99.5263	99.4612	99.3759	99.2390	99.3971	99.7067	99.3525
64_DCM	97.3864	90.8194	95.2814	96.0846	94.0333	93.5806	94.0802	91.3801	84.0847	90.4871	76.8911	86.3924	84.2979	87.7884	89.3284	92.3476	96.7555	85.4690	96.8105	87.2109	83.6277	97.4120	85.3501	85.2578	78.4376	79.8299	78.6636	77.4250	81.4735	75.4508	65.6117	77.5653	96.7597	72.4829	72.2810	69.0389	0.0000	96.1598	61.8703	67.6221	64.8783	86.5578	87.4331	97.9542	82.5623	97.4199	86.3716	96.8452	84.6699	81.8213	85.6050	76.8633	79.9145	98.5215	80.7236	80.3366	97.0017	80.5439	98.6959	99.1037	99.3303	99.1478	98.9103	99.0500	91.1537	97.4925	93.6490	94.0977	94.2566	93.0112	88.6302	87.0818	92.4013	98.2629	93.0523	90.1897	96.8937	90.9352	89.7945	89.4770	88.9716	89.9825	92.0952	90.8495	91.0998	97.9948	87.8135	90.5164	97.9634	84.8929	96.8294	97.2413	99.9950	99.0423	99.5214	99.1082	99.6957	99.6985	99.1740	99.1058	99.2869	99.1564	99.3636	99.4452	98.8853	99.4523	99.4634	99.7188	99.3201	98.8975	99.1378	99.1221	98.7484	99.1248	99.4289	99.2259	99.3029	99.2845	99.3365	99.5106	99.4185	99.3582	99.1715	99.5794	99.3266	99.1444	99.3635	98.9289	99.2412	99.5949	99.0712
